00000000
59906002
59906005
59903005
50103003
59903001
50107007

00000000
59906002
59903005
50103003
59903001

00000000
59906002
59906005
59903005
50103003
59903001
50107007
50107004
50107005

00000000
59906002
59903005
50103003
59903001
50108004
50105002
59903008
59908013
59903006
50105008
59903007

00000000
59906002
59903005
50103003
59903001
50108004
50105002

00000000
59906002
59903005
50103003
59903001
50108004
50105002
59903002

00000000
59906002
59903005
50103003
59903001
50108004
50105002
59903002
59903008
50105008

00000000
59906002
59903005
50103003
59903001
50108004
50105002
59903002

00000000
59906002
59903005
50103003
59903001
50108004
50105002

00000000
59906002
59903005
50103003
59903001
59903006
59903007

00000000
59906002
59903005
50103003
59903001
59903008
59903006
59903007

00000000
59906002
59903005
50103003
59903001
50108004
50105002

00000000
59906002
59903005
50103003
59903001
50108004
50105002

00000000
59903005
59906002
50103003
50108004
59903001
50105002
59903002
59903007
51102903
50105003
59903003
51107002
51104002
51104003
51104004
51107001
51102904
50105004
51108002
51104001
59905003
59905004
59906004
19906005
19906002

00000000
59906002
59903005
50103003
59903001
50108004
50105002
59904001
59906005
51103002
50102010
51102001
51108001
59906005
51102002

00000000
59903005
59906002
50103003
59903001
50108004
50105002
51103001
51104010
51104011
51102005
51104012
59906005
51102004
51104013

00000000
59906002
59903005
50103003
59903001
50108004
59903003
50105002

00000000
59906002
59903005
50103003
59903001
50108004
50105002
51103001

00000000
59906002
59903005
50103003
59903001
50108004
50105002
51103001



00000000
59903005
59906002
50103003
50108004
59903001
50105002
50105003
50105004
50102010

00000000
59906002
59903005
50103003
59903001
50108004
50105002

00000000
59906002
59903005
50103003
59903001
50108004
50105002
59902003

00000000
59906002
59903005
50103003
59903001
50108004
51103002
50105002

00000000
59906002
59903005
50103003
59903001

00000000
59906002
59903005
50103003
59903001

00000000
59906002
59903005
50103003
59903001

00000000
59906002
59903005
50103003
59903001
59903006

00000000
59906002
59903005
50103003
59903001
59903006

00000000
59906002
59903005
50103003
59903001

00000000
59906002
59903005
50103003
59903001
59903006
59903007

00000000
59906002
59903005
50103003
59903001
59903006
59903007
59903008

00000000
59906002
59903005
50103003
59903001
59903008

00000000
59906002
59903005
50103003
59903001
59903008
59903006
59903007

00000000
59906002
59903005
50103003
59903001
51103001
59902003

00000000
59906002
59903005
50103003
59903001

00000000
59906002
59906004
59906005
59907006
50103003
59903001
51102001
51102002
59902003
51108001
51108002
51108002
51104010
50108004
50105002
50107003
50105005
50107004
50107005
50104001
50102001
50102002
50102003
50102004
50102005
50102006
50102007
50102008
50102009
50102010
50104004
50104008
50104009
50104010
51102903
51102904
51104001
51104002
51104003
51104004
51104005
51104006
51104007
51104008
51104009
50105001
50103003
59903005
59903002
59903003
59908001
59908002
59908003
59908004
59908005
59908013
59908006
59908007
59908008
59908009
59908010
59908011
59908012
59908014
59908019
59908015
59908016
59908017
50105003
50105004
50107002
50107006
51103001
59903006
59903007
59903008
51103002
59902004
51104011
51102004
51102005
51104012
51104013
50107007
50108001
50105007
50105008
51107001
59905001
59902005
59902901
50202001
50201002
50205002
51107002
50107008
59905002
59905003
59905004
50107001
59905001